state={
	id=100
	name="STATE_100"
	
	history={
		owner = ZAV
		add_core_of = ZAV
	}
	
	provinces={
		5963 6012 6013 6026 6065 6078 6082 6093 6127 6146 6195 6202 6235 6236 6253 6281 6294 6299 6318 6333 6348 6349 6366 6376 6383 6384 6405 6419 6434 6456 6457 6477 6512 6527 6561 6589 6598 6599 6600 6611 6642 6679 6688 6694 6713 6726 6731 6741 6773 6783 6792 6793 6804 6816 6838 6839 6840 6854 6867 6868 6879 6880 6891 6906 6915 6917 6918 6932 6933 6937 6946 6954 6955 6956 6960 6969 6970 6977 6982 6992 6997 6999 7005 7010 7011 7015 7019 7023 7024 7035 7036 7037 7042 7051 7052 7055 7061 7066 7070 7074 7093 7098 7102 7103 7108 7116 7139 7164 7177 7226 7232 7288 7310 7320 7345 7361 
	}
	manpower=0
	buildings_max_level_factor=1.000
}
