
state={
	id=107
	name="STATE_107"
	
	history={
		owner = MAK
		add_core_of = MAK
	}
	
	provinces={
		5353 5390 5398 5418 5461 5476 5495 5500 5547 5556 5579 5600 5639 5655 5675 5681 5693 5710 5731 5754 5759 5781 5787 5809 5810 5829 5830 5842 5849 5865 5883 5893 5900 5905 5913 5935 5944 5954 5962 5971 5978 5990 6005 6010 6011 6018 6019 6045 6053 6054 6062 6063 6064 6076 6077 6081 6114 6126 6143 6144 6145 6152 6161 6162 6172 6190 6199 6210 6213 6218 6243 6244 6252 6257 6263 6269 6270 6276 6277 6310 6316 6332 6342 6357 6365 6445 6454 
	}
	manpower=0
	buildings_max_level_factor=1.000
}
