state={
	id=108
	name="STATE_108"
	
	history={
		owner = VAR
		add_core_of = VAR
	}
	
	provinces={
		6329 6341 6389 6390 6391 6444 6487 6495 6504 6505 6509 6510 6537 6555 6567 6576 6588 6625 6633 6640 6659 6660 6662 6700 6710 6730 6735 6739 6744 6781 6782 6789 6790 6791 6800 6808 6825 6829 6830 6831 6859 6865 6873 6874 6889 6890 6904 6905 6923 6929 6930 6942 6943 6944 6949 6965 6966 6967 6980 6989 6990 6991 6995 6996 7003 7008 7013 7021 7026 7029 7030 7040 7048 7049 7050 7064 7065 7073 7084 7085 7088 7089 7091 7107 7110 7115 7121 7129 7131 7136 7137 7144 7156 7165 7168 7169 7180 7181 7185 7194 7198 7199 7213 7214 7220 7221 7223 7233 7237 7238 7250 7259 7265 7266 7267 7280 7303 7316 7319 7326 7339 7340 7341 7342 
	}
	manpower=0
	buildings_max_level_factor=1.000
}
