state={
	id=110
	name="STATE_110"
	
	history={
		owner = ZAV
		add_core_of = ZAV
	}
	
	provinces={
		6153 6173 6200 6201 6226 6258 6259 6264 6278 6279 6289 6303 6311 6317 6330 6343 6344 6371 6375 6403 6404 6409 6410 6411 6446 6447 6455 6476 6511 6522 6538 6549 6574 6597 6610 6618 6626 6627 6651 6670 6687 6693 6711 6712 6740 6745 6746 6754 6772 6803 6809 6810 6815 6820 6826 6827 6832 6837 6860 6866 6875 6884 6895 6896 6912 6913 6914 6931 6939 6945 6950 6959 6974 6975 6976 6981 6984 7004 7014 7018 7022 7031 7034 7041 7054 7057 7069 7081 7092 7101 7120 7138 7151 7163 
	}
	manpower=0
	buildings_max_level_factor=1.000
}
