state={
	id=2
	name="STATE_2"
	manpower = 1000000
	state_category = megalopolis
	history={
		owner = TST
		add_core_of = TST
	}

	provinces={
		7009 7020 7025 7027 7046 7056 7062 7075 7082 7086 7090 7099 7104 7112 7113 7117 7118 7119 7122 7123 7124 7127 7132 7145 7146 7147 7148 7152 7153 7154 7158 7159 7166 7172 7173 7174 7183 7187 7188 7196 7200 7201 7206 7207 7209 7211 7212 7217 7218 7228 7229 7230 7235 7236 7239 7240 7241 7244 7245 7246 7255 7256 7262 7269 7270 7271 7274 7277 7278 7281 7282 7284 7290 7291 7292 7293 7297 7298 7299 7301 7308 7323 7327 7328 7333 7334 7346 7349 7354 7357 7363 7364 7375 7383 7387 7390 7392 7401 7422 
	}
}
