state={
	id=22
	name="STATE_22"
        history={
		owner = SAR
		add_core_of = SAR
	}
	provinces={
		645 683 718 750 759 779 784 801 802 817 818 822 847 870 871 872 878 879 887 897 916 923 930 938 950 951 960 961 977 985 990 1007 1018 1023 1024 1032 1046 1061 1062 1063 1068 1075 1086 1087 1088 1093 1126 1127 1139 1146 1147 1160 1161 1186 1190 1201 1205 1216 1235 1245 1251 1263 1279 1285 1327 1353 1397 1404 1413 1422 1462 1490 1491 1502 1511 1542 1562 1583 1597 1622 1650 1661 1664 11049 
	}
	manpower=0
	buildings_max_level_factor=1.000
}
