state={
	id=23
	name="STATE_23"
        history={
		owner = SAR
		add_core_of = SAR
	}
	provinces={
		1159 1222 1284 1293 1324 1339 1356 1393 1394 1403 1411 1412 1456 1469 1470 1471 1481 1494 1501 1510 1524 1532 1533 1541 1556 1590 1606 1611 1639 1644 1645 1649 1671 1686 1694 1716 1723 1724 1736 1752 1765 1766 1772 1782 1791 1809 1815 1821 1834 1840 1847 1861 1872 1873 1874 1875 1899 1902 1903 1916 1924 1925 1935 1949 1951 1957 1963 1969 1972 1977 2021 2024 2046 2089 
	}
	manpower=0
	buildings_max_level_factor=1.000
}
