state={
	id=26
	name="STATE_26"
        history={
		owner = RAV
		add_core_of = RAV
	}
	provinces={
		637 661 682 717 733 744 748 749 754 764 767 778 789 808 813 814 821 828 829 836 858 864 865 866 869 892 893 894 906 907 915 919 929 932 937 949 955 956 975 976 984 989 995 996 1002 1005 1006 1017 1029 1030 1031 1039 1040 1057 1058 1067 1069 1073 1074 1079 1080 1083 1084 1085 1091 1092 1097 1102 1114 1115 1122 1124 1125 1131 1138 1143 1144 1145 1158 1168 1169 1170 1171 1173 1174 1175 1176 1189 1198 1200 1214 1215 1221 1228 1229 1230 1238 1243 1258 1275 1277 1278 1283 1292 1307 1312 1347 
	}
	manpower=0
	buildings_max_level_factor=1.000
}
