state={
	id=27
	name="STATE_27"
        history={
		owner = RAV
		add_core_of = RAV
	}
	provinces={
		1204 1213 1234 1244 1268 1276 1297 1300 1306 1311 1319 1332 1344 1345 1346 1351 1368 1373 1374 1381 1382 1389 1390 1391 1392 1402 1408 1419 1421 1427 1428 1434 1438 1439 1443 1444 1451 1452 1453 1455 1467 1468 1476 1479 1480 1488 1489 1493 1500 1516 1530 1531 1540 1547 1555 1561 1566 1568 1582 1589 1596 1604 1605 1617 1620 1621 1632 1633 1638 1647 1648 1659 1660 1679 1698 1699 1700 1708 1715 1721 1722 1735 1742 1749 1764 1771 1781 1794 1802 1807 1808 1814 1827 1845 1846 1860 1871 1884 1893 1923 1944 1986 
	}
	manpower=0
	buildings_max_level_factor=1.000
}
