state={
	id=3
	name="STATE_3"
	manpower = 1000000
	state_category = megalopolis
	history={
		owner = TST
		add_core_of = TST
	}

	provinces={
		1340 6271 6300 6301 6304 6319 6320 6334 6345 6346 6358 6359 6360 6361 6372 6392 6393 6397 6398 6399 6406 6407 6408 6420 6421 6425 6435 6436 6437 6448 6449 6450 6458 6460 6461 6462 6463 6464 6465 6469 6470 6471 6478 6479 6480 6481 6488 6489 6490 6496 6497 6506 6513 6514 6515 6516 6523 6528 6529 6530 6531 6532 6533 6542 6543 6544 6550 6551 6552 6556 6557 6558 6562 6563 6564 6568 6569 6570 6575 6577 6578 6584 6585 6586 6590 6591 6592 6601 6602 6603 6604 6605 6612 6613 6619 6620 6621 6622 6628 6629 6630 6634 6635 6636 6641 6643 6644 6645 6646 6652 6653 6663 6664 6665 6666 6671 6672 6673 6674 6675 6676 6680 6681 6689 6690 6695 6696 6697 6701 6702 6714 6715 6716 6717 6718 6719 6722 6723 6724 6725 6727 6732 6736 6737 6738 6742 6743 6747 6748 6749 6750 6751 6755 6756 6764 6765 6766 6767 6768 6774 6776 6777 6778 6784 6785 6794 6795 6796 6801 6811 6812 6817 6818 6821 6822 6823 6828 6833 6834 6835 6841 6842 6843 6844 6847 6848 6849 6855 6856 6861 6869 6881 6885 6886 6887 6892 6893 6897 6900 6901 6907 6908 6909 6924 6925 6927 6928 6934 6951 6961 6968 6985 11054 
	}
}
