state={
	id=48
	name="STATE_48"
        history={
		owner = CER
		add_core_of = CER
        }
	provinces={
		5250 5257 5258 5259 5269 5294 5299 5306 5319 5325 5333 5334 5341 5346 5366 5370 5371 5378 5379 5396 5405 5412 5413 5421 5422 5425 5426 5442 5465 5466 5467 5472 5482 5494 5507 5508 5510 5529 5530 5531 5542 5553 5554 5558 5574 5575 5576 5577 5599 5603 5611 5612 5627 5634 5635 5652 5660 5661 5679 5689 5701 5707 5712 5713 5722 5752 5753 5755 5756 5779 5823 5826 5838 5839 5860 5882 5892 5918 5926 5932 5942 5974 5975 5983 5993 5994 6002 6023 6033 6051 6060 6061 6088 6136 6177 6181 6206 6232 6240 
	}
	manpower=0
	buildings_max_level_factor=1.000
}
