state={
	id=5
	name="STATE_5"
	manpower = 1000000
	state_category = megalopolis
	history={
		owner = TST
		add_core_of = TST
	}

	provinces={
		5684 5694 5750 5761 5767 5776 5783 5789 5790 5791 5797 5803 5804 5815 5821 5825 5831 5837 5856 5857 5862 5868 5869 5881 5884 5885 5886 5895 5902 5903 5916 5921 5922 5929 5930 5939 5940 5947 5948 5956 5965 5966 5967 5973 5982 5985 5986 5997 5998 5999 6008 6015 6016 6021 6022 6028 6029 6030 6035 6037 6038 6039 6058 6066 6067 6068 6069 6070 6079 6083 6084 6085 6086 6094 6095 6097 6098 6099 6100 6101 6116 6117 6118 6128 6133 6138 6139 6140 6147 6154 6155 6156 6164 6165 6166 6174 6175 6176 6179 6180 6183 6184 6185 6191 6192 6203 6204 6215 6220 6221 6227 6230 6231 6234 6237 6238 6245 6246 6247 6248 6254 6260 6265 6272 6273 6285 6286 6287 6290 6291 6295 6302 6305 6312 6321 6322 6323 6331 6335 6336 6347 6350 6351 6352 6353 6362 6367 6373 6377 6385 6400 6401 6412 6413 6414 6422 6423 6426 6427 6428 6438 6451 6466 6467 6472 6482 6498 6499 6517 6524 6539 6545 6553 6571 6579 6580 6581 6587 6593 6594 6606 6654 6655 6656 6728 6733 11053 
	}
}
