
state={
	id=50
	name="STATE_50"
        history={
		owner = CEV
		add_core_of = CEV
	}
	provinces={
		3911 4633 4688 4709 4738 4750 4762 4776 4790 4819 4826 4832 4837 4838 4845 4861 4875 4878 4882 4886 4889 4890 4896 4906 4907 4911 4922 4925 4929 4935 4936 4937 4946 4956 4957 4958 4960 4973 4974 4980 4983 4984 4990 4995 4997 5005 5007 5018 5029 5034 5038 5041 5042 5047 5055 5056 5060 5074 5092 5111 5114 5116 5126 5137 5143 5152 5165 5168 5170 5189 5192 5205 5211 5219 5226 5227 
	}
	manpower=0
	buildings_max_level_factor=1.000
}
