state={
	id=51
	name="STATE_51"
        history={
		owner = CEV
		add_core_of = CEV
	}
	provinces={
		4527 4534 4535 4538 4544 4548 4549 4556 4557 4560 4562 4568 4573 4576 4577 4580 4583 4589 4590 4591 4594 4595 4598 4602 4603 4612 4615 4619 4620 4626 4630 4634 4639 4640 4642 4645 4648 4649 4651 4653 4655 4657 4667 4670 4673 4678 4679 4680 4685 4689 4690 4691 4693 4695 4696 4705 4710 4715 4722 4730 4734 4739 4744 4745 4746 4751 4755 4765 4780 4783 4784 4791 4792 4800 4801 4809 4810 4827 4833 4834 4839 4847 4848 4857 4867 4876 4877 4883 4894 4897 4908 4909 4947 4963 4975 
	}
	manpower=0
	buildings_max_level_factor=1.000
}
