state={
	id=52
	name="STATE_52"
        history={
		owner = CER
		add_core_of = CER
	}
	provinces={
		4912 4933 4941 4948 4985 4991 5008 5014 5019 5043 5044 5065 5105 5115 5117 5118 5134 5135 5138 5146 5155 5175 5176 5177 5183 5184 5212 5213 5220 5223 5228 5240 5251 5252 5260 5264 5270 5280 5282 5300 5301 5307 5308 5309 5310 5320 5326 5329 5342 5352 5358 5367 5368 5372 5382 5383 5397 5414 5427 5430 5431 5432 5439 5473 5474 5485 5486 5491 5499 5511 5516 5517 5518 5532 5533 5555 5559 5586 5588 5589 5594 5613 5614 5623 5628 5636 5637 5653 5672 5680 5702 5714 5737 5762 5763 5780 5827 5840 5848 
	}
	manpower=0
	buildings_max_level_factor=1.000
}
