
state={
	id=65
	name="STATE_65"
        history={
		owner = RAV
		add_core_of = RAV
	}
	provinces={
		4 16 23 28 37 40 41 48 50 51 53 54 68 70 78 79 82 83 87 91 100 103 105 108 111 115 116 125 133 134 135 136 142 149 151 155 161 168 173 176 180 187 188 189 202 203 213 216 217 221 222 226 229 252 257 258 261 262 267 269 275 280 283 295 312 313 319 324 325 336 337 343 351 354 355 359 377 387 400 401 402 409 413 414 429 433 443 447 463 468 469 474 475 476 505 512 521 522 530 533 544 555 558 559 576 580 600 615 620 626 627 665 680 685 693 712 769 774 846 11048 
	}
	manpower=0
	buildings_max_level_factor=1.000
}
