
state={
	id=66
	name="STATE_66"
        history={
		owner = RAV
		add_core_of = RAV
	}
	provinces={
		34 44 65 71 92 96 102 106 119 123 127 132 137 139 146 152 157 160 162 169 170 175 177 178 184 185 190 195 196 204 205 214 223 227 228 239 243 247 253 254 270 284 285 293 305 306 307 308 314 344 352 360 378 388 423 430 435 436 452 470 477 487 493 494 506 534 535 536 539 541 545 552 560 561 577 581 586 592 596 606 607 608 611 616 628 640 646 650 651 654 657 658 666 671 674 694 700 713 721 722 729 730 737 741 751 761 770 775 794 798 803 831 839 849 901 
	}
	manpower=0
	buildings_max_level_factor=1.000
}
