state={
	id=7
	name="STATE_7"
        state_category = megalopolis
        history={
		owner = NOU
		add_core_of = NOU
	}
	provinces={
		2422 2470 2540 2563 2596 2610 2620 2621 2638 2662 2675 2712 2726 2741 2748 2749 2768 2780 2813 2834 2835 2856 2861 2876 2913 2930 2960 2961 2993 3004 3005 3011 3043 3080 3092 3129 3130 3135 3148 3161 3171 3244 3250 3251 3265 3288 3298 3299 3312 3327 3343 3397 3407 3442 3450 3458 3464 3465 3473 3513 3553 3558 3628 
	}
	manpower=0
	buildings_max_level_factor=1.000
}
