
state={
	id=81
	name="STATE_81"
        history={
		owner = DAT
		add_core_of = DAT
	}
	provinces={
		220 231 232 246 251 255 264 274 281 294 296 310 326 327 328 339 342 357 361 368 373 384 392 393 399 404 410 415 421 434 437 438 439 444 453 454 457 464 465 466 478 482 483 489 495 496 497 507 508 509 516 517 518 523 524 527 528 537 542 543 546 547 548 553 556 557 562 563 571 572 573 582 587 588 593 601 602 603 604 612 613 617 618 621 622 623 629 630 631 635 636 641 642 647 648 652 655 660 672 673 675 676 681 686 687 688 689 695 701 702 703 704 709 710 714 715 723 731 734 738 746 752 753 755 756 762 763 771 772 776 781 782 787 788 796 799 804 833 834 840 841 856 857 875 885 
	}
	manpower=0
	buildings_max_level_factor=1.000
}
