state={
	id=85
	name="STATE_85"
        history={
		owner = DAT
		add_core_of = DAT
	}
	provinces={
		1775 1780 1788 1813 1825 1839 1844 1859 1864 1869 1870 1908 1913 1914 1915 1918 1919 1922 1933 1941 1956 1976 1984 1985 1997 2000 2009 2015 2020 2039 2040 2041 2049 2073 2074 2075 2088 2092 2101 2108 2115 2122 2127 2128 2140 2147 2155 2166 2170 2171 2182 2184 2189 2195 2196 2215 2229 2230 2246 2247 2248 2253 2263 2282 2285 2294 2299 2300 2312 2327 2328 2334 2342 2361 2369 2375 2385 2395 2401 2414 2417 2438 2463 2487 
	}
	manpower=0
	buildings_max_level_factor=1.000
}
