state={
	id=86
	name="STATE_86"
        history={
		owner = DAT
		add_core_of = DAT
	}
	provinces={
		2473 2474 2483 2496 2524 2532 2538 2539 2565 2566 2567 2568 2570 2602 2614 2615 2626 2643 2644 2646 2648 2660 2661 2669 2685 2702 2707 2723 2725 2740 2747 2756 2762 2767 2774 2790 2801 2812 2820 2824 2828 2829 2830 2843 2844 2855 2860 2880 2885 2886 2892 2893 2907 2922 2929 2935 2936 2942 2943 2959 2971 2972 2978 2989 2997 3003 3010 3015 3016 3022 3023 3029 3042 3051 3057 3071 3084 3085 3100 3101 3126 3134 3170 3175 3181 3198 3202 3241 
	}
	manpower=0
	buildings_max_level_factor=1.000
}
