state={
	id=88
	name="STATE_88"
        history={
		owner = DAT
		add_core_of = DAT
	}
	provinces={
		1615 1642 1657 1668 1702 1712 1718 1719 1727 1751 1759 1774 1785 1799 1805 1812 1829 1836 1866 1867 1880 1890 1896 1917 1920 1928 1929 1954 1981 1993 1998 1999 2030 2038 2055 2058 2063 2070 2080 2099 2104 2112 2119 2124 2132 2138 2139 2145 2162 2163 2165 2173 2174 2179 2186 2198 2212 2213 2228 2235 2244 2245 2250 2251 2258 2269 2274 2280 2283 2289 2295 2296 2304 2310 2311 2320 2326 2345 2350 2351 2365 2366 2367 2381 2388 2428 
	}
	manpower=0
	buildings_max_level_factor=1.000
}
