state={
	id=89
	name="STATE_89"
        history={
		owner = DAT
		add_core_of = DAT
	}
	provinces={
		2358 2407 2412 2424 2429 2450 2468 2477 2478 2482 2484 2494 2511 2517 2523 2527 2534 2535 2536 2537 2547 2548 2553 2561 2562 2577 2584 2585 2594 2600 2605 2618 2624 2629 2630 2633 2634 2635 2645 2650 2651 2666 2667 2674 2680 2684 2692 2693 2698 2710 2722 2724 2728 2729 2730 2754 2755 2760 2778 2779 2792 2797 2798 2799 2808 2816 2819 2837 2845 2850 2851 2852 2872 2878 2903 2906 2921 2927 2958 2979 2991 11052 
	}
	manpower=0
	buildings_max_level_factor=1.000
}
