state={
	id=90
	name="STATE_90"
        history={
		owner = NAG
		add_core_of = NAG
	}
	provinces={
		2595 2606 2607 2636 2647 2652 2658 2668 2676 2699 2716 2717 2731 2739 2745 2752 2761 2771 2772 2773 2793 2800 2809 2810 2817 2823 2838 2839 2841 2842 2846 2853 2854 2873 2874 2875 2879 2884 2898 2899 2904 2910 2911 2928 2933 2934 2939 2940 2941 2951 2952 2953 2954 2955 2966 2970 2977 2980 2981 2988 2992 3002 3007 3009 3014 3018 3026 3027 3028 3036 3040 3041 3044 3045 3050 3055 3056 3068 3074 3077 3078 3079 3090 3091 3098 3099 3106 3107 3108 3110 3111 3112 3113 3118 3124 3125 3142 3154 3158 3159 3160 3168 3169 3173 3174 3180 3187 3191 3197 3201 3207 3208 3209 3224 3225 3229 3240 3247 3248 3249 3260 3263 3264 3269 3270 3276 3279 3291 3316 3317 3318 3325 3332 3339 3342 3346 3347 3355 3358 3359 3370 3373 3395 3401 3406 3416 3417 3418 3429 3436 3457 3471 3472 3482 3490 3493 3494 3521 3531 3534 3576 3612 
	}
	manpower=0
	buildings_max_level_factor=1.000
}
