state={
	id=92
	name="STATE_92"
        history={
		owner = DAT
		add_core_of = DAT
	}
	provinces={
		1962 1968 1975 1989 1996 2002 2003 2008 2023 2028 2045 2048 2059 2072 2081 2087 2095 2096 2097 2100 2105 2106 2107 2121 2126 2137 2141 2142 2146 2154 2159 2160 2169 2180 2181 2192 2199 2206 2207 2214 2222 2223 2237 2252 2260 2261 2262 2270 2276 2277 2278 2281 2284 2290 2291 2298 2305 2306 2316 2317 2321 2322 2323 2333 2338 2339 2340 2341 2346 2359 2360 2368 2373 2374 2377 2384 2389 2392 2393 2394 2398 2399 2400 2413 2416 2419 2421 2430 2437 2443 2444 2445 2446 2451 2452 2460 2461 2462 2469 2485 2486 2490 2491 2495 2500 2512 2513 2518 2531 2541 2542 2543 2549 2550 2551 2557 2569 2586 2587 2601 2608 2609 2619 2625 2637 2641 2659 2677 2694 2700 2701 2711 2718 2746 2784 2811 11051 
	}
	manpower=0
	buildings_max_level_factor=1.000
}
