state={
	id=93
	name="STATE_93"
        history={
		owner = DAT
		add_core_of = DAT
	}
	provinces={
		1142 1183 1211 1237 1252 1256 1271 1272 1281 1295 1303 1308 1314 1315 1335 1336 1341 1349 1352 1358 1359 1360 1372 1378 1379 1386 1396 1401 1409 1418 1420 1425 1431 1432 1442 1446 1447 1448 1454 1460 1465 1474 1475 1484 1485 1486 1487 1507 1508 1513 1514 1517 1518 1521 1528 1529 1536 1537 1538 1545 1553 1564 1575 1576 1577 1588 1594 1595 1602 1610 1616 1619 1625 1626 1627 1637 1643 1652 1653 1654 1658 1663 1669 1670 1676 1677 1683 1684 1691 1696 1703 1704 1705 1713 1720 1734 1737 1738 1739 1745 1746 1747 1755 1760 1761 1762 1769 1770 1786 1787 1800 1801 1818 1819 1824 1830 1831 1832 1837 1838 1850 1851 1852 1854 1858 1862 1863 1868 1881 1882 1891 1897 1905 1906 1907 1912 1921 1930 1931 1932 1940 1947 1955 1961 1982 1983 1988 1994 1995 2001 2007 2018 2019 2022 2033 2047 2056 2065 2066 2071 2091 2113 2114 2120 2125 2157 2158 2168 2175 2187 2188 2204 2205 2221 2236 2259 2275 2297 
	}
	manpower=0
	buildings_max_level_factor=1.000
}
